"F3D0","F3D1","F3D2","F3D3","F3D5","F3D6","F3D7","F3D8","F3D9"
"F3D0",0,0.377019430010208,0.383986493880143,0.477018626028253,0.341528836074897,0.36302412887957,0.426176609232293,0.4068431723954,0.385011834256711
"F3D1",0.377019430010208,0,0.305083111443165,0.477656020102807,0.31014824665094,0.385154600206783,0.483460915335139,0.345046662721056,0.338209555018432
"F3D2",0.383986493880143,0.305083111443165,0,0.275756006627831,0.277658171882139,0.263709132823242,0.320151066510406,0.312027474495649,0.287661408873675
"F3D3",0.477018626028253,0.477656020102807,0.275756006627831,0,0.334369658119709,0.268928726130999,0.217357001972607,0.341621785805139,0.33453780384683
"F3D5",0.341528836074897,0.31014824665094,0.277658171882139,0.334369658119709,0,0.281385646410042,0.325846140149444,0.253034715674149,0.224638014825208
"F3D6",0.36302412887957,0.385154600206783,0.263709132823242,0.268928726130999,0.281385646410042,0,0.190001638256948,0.26223563564374,0.227825277729053
"F3D7",0.426176609232293,0.483460915335139,0.320151066510406,0.217357001972607,0.325846140149444,0.190001638256948,0,0.281404049111776,0.284042425413096
"F3D8",0.4068431723954,0.345046662721056,0.312027474495649,0.341621785805139,0.253034715674149,0.26223563564374,0.281404049111776,0,0.131299077262008
"F3D9",0.385011834256711,0.338209555018432,0.287661408873675,0.33453780384683,0.224638014825208,0.227825277729053,0.284042425413096,0.131299077262008,0
